0 0.163543 0.841240 0.037230 -1.675227
0 0.231965 0.467533 0.138325 -0.927280
0 0.226216 0.618493 0.139227 -1.229520
0 0.209779 0.387453 0.101924 -0.767600
0 0.188293 0.470547 0.072432 -0.933627
0 0.168764 0.601093 0.043921 -1.194720
0 0.163297 0.632040 0.042021 -1.255707
0 0.159062 0.663533 0.027528 -1.319707
0 0.158700 0.760000 0.026465 -1.513067
0 0.152234 0.709307 0.023035 -1.410240
0 0.226333 1.656747 0.149589 -3.305173
0 0.165527 0.972707 0.040008 -1.938053
0 0.170386 0.248013 0.040628 -0.488827
0 0.154928 0.834573 0.026441 -1.661040
0 0.155676 0.455880 0.024026 -0.904080