0 0.202202 0.493627 0.087190 -0.979093
0 0.183297 0.577547 0.053841 -1.147520
0 0.174147 0.620213 0.040789 -1.232800
0 0.167496 0.659293 0.031433 -1.311120
0 0.144183 1.264227 0.040700 -2.519707
0 0.142029 1.199413 0.038341 -2.389653
0 0.144827 1.169080 0.034436 -2.329253
0 0.121212 1.656707 0.037786 -3.305253
0 0.122158 1.656893 0.038116 -3.304880
0 0.124295 1.656707 0.032150 -3.305253
0 0.127057 1.623200 0.030298 -3.238027
0 0.162866 0.697973 0.024879 -1.388320
0 0.156228 0.955187 0.029911 -1.902533