0 0.159577 0.867533 0.039461 -1.727813
0 0.225169 0.169120 0.151916 -0.330507
0 0.211147 0.414520 0.115660 -0.821787
0 0.169010 0.556293 0.058084 -1.104693
0 0.180076 0.731720 0.060475 -1.456773
0 0.167448 0.740067 0.048100 -1.472347
0 0.159771 0.662787 0.032150 -1.318267
0 0.197230 1.268667 0.107182 -2.529547
0 0.176852 1.097133 0.061320 -2.187227
0 0.159316 1.009547 0.047923 -2.010773
0 0.149823 0.906627 0.021900 -1.805893
0 0.152331 0.842013 0.027995 -1.675920
0 0.155495 0.372693 0.029412 -0.738133