0 0.167597 0.883973 0.056659 -1.759627
0 0.211502 1.656813 0.179251 -3.305040
0 0.159646 1.110227 0.048164 -2.212507
0 0.148313 0.990453 0.025177 -1.972693
0 0.146461 0.943067 0.018929 -1.878027
0 0.171296 0.354960 0.059984 -0.701013
0 0.164183 0.465787 0.041377 -0.922880
0 0.159791 0.537880 0.026570 -1.068613
0 0.150745 0.638040 0.018575 -1.268347
0 0.147576 0.657307 0.020161 -1.304960
0 0.146369 0.695773 0.014557 -1.383227
0 0.160024 1.608773 0.029211 -3.210400
0 0.161856 0.336067 0.033744 -0.664293