0 0.217496 1.031613 0.154396 -2.054907
0 0.222238 1.656653 0.157778 -3.305360
0 0.159529 1.125067 0.045870 -2.241920
0 0.153643 1.018573 0.028833 -2.029040
0 0.151208 0.982053 0.021787 -1.956693
0 0.152665 0.727133 0.019034 -1.446533
0 0.185914 0.309160 0.059702 -0.611173
0 0.145902 0.809693 0.012866 -1.611280
0 0.160197 0.570187 0.028478 -1.132640
0 0.154432 0.605373 0.028977 -1.201093
0 0.151200 0.669573 0.019533 -1.330827
0 0.149110 0.740853 0.013905 -1.474133
0 0.158498 0.418253 0.029235 -0.828667
0 0.155415 0.406760 0.021651 -0.805680