0 0.168196 0.832693 0.039227 -1.658133
0 0.218261 0.301107 0.123849 -0.594320
0 0.236800 0.624720 0.128655 -1.242773
0 0.196948 0.672627 0.086828 -1.337467
0 0.181381 0.694773 0.055741 -1.382080
0 0.177359 0.579120 0.047746 -1.150933
0 0.158084 0.748987 0.020435 -1.491040
0 0.233543 1.656613 0.135169 -3.305440
0 0.231566 1.458707 0.139122 -2.910373
0 0.184211 1.101480 0.079356 -2.194640
0 0.162693 0.902840 0.027931 -1.798320
0 0.164376 0.376507 0.028333 -0.745813
0 0.161043 0.814307 0.027480 -1.620507
0 0.173885 0.195680 0.042874 -0.384107