0 0.176558 0.906387 0.059010 -1.804453
0 0.171071 1.191493 0.059855 -2.374773
0 0.162657 1.043480 0.034348 -2.078853
0 0.159638 0.995120 0.025266 -1.982827
0 0.203104 0.134653 0.072939 -0.262160
0 0.168990 0.631347 0.036562 -1.254587
0 0.158382 0.739333 0.022126 -1.470133
0 0.153953 0.790827 0.016119 -1.573067
0 0.171651 0.524640 0.034944 -1.041547
0 0.163555 0.567933 0.033309 -1.126213
0 0.159030 0.644187 0.021860 -1.280053
0 0.157258 0.726467 0.015548 -1.445360
0 0.169171 0.346467 0.035459 -0.685093
0 0.162701 0.341560 0.025483 -0.675280