0 0.217303 1.657013 0.167649 -3.304640
0 0.195926 0.417307 0.148438 -0.824213
0 0.222375 0.195213 0.157504 -0.381573
0 0.229207 1.477947 0.143841 -2.948213
0 0.186880 0.426160 0.110491 -0.842347
0 0.185692 0.513533 0.077440 -1.018587
0 0.177959 0.561347 0.069106 -1.113520
0 0.166224 0.641200 0.041385 -1.274027
0 0.160125 0.672333 0.041103 -1.334587
0 0.167762 0.970493 0.037826 -1.933253
0 0.193104 1.154827 0.085612 -2.301440
0 0.158309 0.920267 0.028953 -1.831680
0 0.158325 0.705640 0.027295 -1.402800