0 0.231912 0.346000 0.138430 -0.683573
0 0.135656 1.657200 0.092085 -3.304267
0 0.128466 1.657067 0.045161 -3.304533
0 0.181220 0.658947 0.056884 -1.310320
0 0.203579 0.583413 0.103712 -1.158560
0 0.158925 1.094133 0.043084 -2.180267
0 0.168434 0.706493 0.042472 -1.404773
0 0.163845 0.738347 0.030459 -1.469120
0 0.161349 0.749480 0.026272 -1.491333
0 0.158039 0.921040 0.028607 -1.833653
0 0.154638 1.134507 0.034267 -2.261067
0 0.153506 0.989400 0.023213 -1.970213
0 0.142540 0.928387 0.010894 -1.849413
0 0.145322 0.768880 0.010306 -1.530880